6417960 4 0 733.329
6417996 4 0 733.028
6418032 4 0 732.961
6418068 7 0 732.762
6418104 10 0 731.641
6418140 13 0 730.094
6418176 16 0 728.594
6418212 19 0 727.094
6418248 22 0 725.594
6418284 25 0 724.094
6418320 28 0 722.594
6418356 31 0 721.094
6418392 34 0 719.594
6418428 37 0 718.094
6418464 40 0 716.594
6418500 43 0 715.094
6418536 46 0 713.594
6418572 49 0 712.094
6418608 52 0 710.594
6418644 55 0 709.094
6418680 58 0 707.594
6418716 61 0 706.094
6418752 64 0 704.594
6418788 67 0 703.094
6418824 70 0 701.594
6418860 73 0 700.094
6418896 76 0 698.594
6418932 79 1 697.094
6418968 82 1 696.099
6419004 85 1 696.819
6419040 88 1 698.328
6419076 91 1 699.828
6419112 94 1 701.328
6419148 97 1 702.828
6419184 100 1 704.328
6419220 103 1 705.828
6419256 106 1 707.328
6419292 109 1 708.828
6419328 112 1 710.328
6419364 115 1 711.828
6419400 118 1 713.328
6419436 121 1 714.828
6419472 124 1 716.328
6419508 127 1 717.828
6419544 130 1 719.328
6419580 133 1 720.828
6419616 136 1 722.328
6419652 139 1 723.828
6419688 142 1 725.328
6419724 145 1 726.828
6419760 148 1 728.328
6419796 151 1 729.828
6419832 154 1 731.328
6419868 157 1 732.828
6419904 160 1 734.328
6419940 163 2 735.828
6419976 166 2 737.075
6420012 169 2 737.461
6420048 172 2 737.461
6420084 175 2 737.461
6420120 178 2 737.461
6420156 181 2 737.461
6420192 184 2 737.461
6420228 187 2 737.461
6420264 190 2 737.461
6420300 193 2 737.461
6420336 196 2 737.461
6420372 199 2 737.461
6420408 202 2 737.461
6420444 205 2 737.461
6420480 208 2 737.461
6420516 211 2 737.461
6420552 214 2 737.461
6420588 217 2 737.461
6420624 220 2 737.461
6420660 223 2 737.461
6420696 226 2 737.461
6420732 229 2 737.461
6420768 232 2 737.461
6420804 235 2 737.461
6420840 238 2 737.461
6420876 241 2 737.461
6420912 244 0 737.461
6420948 247 0 737.461
6420984 250 0 737.262
6421020 253 0 736.141
6421056 256 0 734.594
6421092 259 0 733.094
6421128 262 0 731.594
6421164 265 0 730.094
6421200 268 0 728.594
6421236 271 0 727.094
6421272 274 0 725.594
6421308 277 0 724.094
6421344 280 0 722.594
6421380 283 0 721.094
6421416 286 0 719.594
6421452 289 0 718.094
6421488 292 0 716.594
6421524 295 0 715.094
6421560 298 0 713.594
6421596 301 0 712.094
6421632 304 0 710.594
6421668 307 0 709.094
6421704 310 0 707.594
6421740 313 0 706.094
6421776 316 0 704.594
6421812 319 0 703.094
6421848 322 0 701.594
6421884 325 0 700.094
6421920 328 1 698.594
6421956 331 1 697.094
6421992 334 1 696.099
6422028 337 1 696.819
6422064 340 1 698.328
6422100 343 1 699.828
6422136 346 1 701.328
6422172 349 1 702.828
6422208 352 1 704.328
6422244 355 1 705.828
6422280 358 1 707.328
6422316 361 1 708.828
6422352 364 1 710.328
6422388 367 1 711.828
6422424 370 1 713.328
6422460 373 1 714.828
6422496 376 1 716.328
6422532 379 1 717.828
6422568 382 1 719.328
6422604 385 1 720.828
6422640 388 1 722.328
6422676 391 1 723.828
6422712 394 1 725.328
6422748 397 1 726.828
6422784 400 1 728.328
6422820 403 1 729.828
6422856 406 1 731.328
6422892 409 1 732.828
6422928 412 2 734.328
6422964 415 2 735.828
6423000 418 2 737.075
6423036 421 2 737.461
6423072 424 2 737.461
6423108 427 2 737.461
6423144 430 2 737.461
6423180 433 2 737.461
6423216 436 2 737.461
6423252 439 2 737.461
6423288 442 2 737.461
6423324 445 2 737.461
6423360 448 2 737.461
6423396 451 2 737.461
6423432 454 2 737.461
6423468 457 2 737.461
6423504 460 2 737.461
6423540 463 2 737.461
6423576 466 2 737.461
6423612 469 2 737.461
6423648 472 2 737.461
6423684 475 2 737.461
6423720 478 2 737.461
6423756 481 2 737.461
6423792 484 2 737.461
6423828 487 2 737.461
6423864 490 2 737.461
6423900 493 2 737.461
6423936 496 0 737.461
6423972 499 0 737.461
6424008 502 0 736.988
6424044 505 0 735.601
6424080 508 0 734.094
6424116 511 0 732.594
6424152 514 0 731.094
6424188 517 0 729.594
6424224 520 0 728.094
6424260 523 0 726.594
6424296 526 0 725.094
6424332 529 0 723.594
6424368 532 0 722.094
6424404 535 0 720.594
6424440 538 0 719.094
6424476 541 0 717.594
6424512 544 0 716.094
6424548 547 0 714.594
6424584 550 0 713.094
6424620 553 0 711.594
6424656 556 0 710.094
6424692 559 0 708.594
6424728 562 0 707.094
6424764 565 0 705.594
6424800 568 0 704.094
6424836 571 0 702.594
6424872 574 0 701.094
6424908 577 0 699.594
6424944 580 1 698.094
6424980 583 1 696.753
6425016 586 1 696.893
6425052 589 1 698.328
6425088 592 1 699.828
6425124 595 1 701.328
6425160 598 1 702.828
6425196 601 1 704.328
6425232 604 1 705.828
6425268 607 1 707.328
6425304 610 1 708.828
6425340 613 1 710.328
6425376 616 1 711.828
6425412 619 1 713.328
6425448 622 1 714.828
6425484 625 1 716.328
6425520 628 1 717.828
6425556 631 1 719.328
6425592 634 1 720.828
6425628 637 1 722.328
6425664 640 1 723.828
6425700 643 1 725.328
6425736 646 1 726.828
6425772 649 1 728.328
6425808 652 1 729.828
6425844 655 1 731.328
6425880 658 1 732.828
6425916 661 1 734.328
6425952 664 2 735.828
6425988 667 2 737.075
6426024 670 2 737.461
6426060 673 2 737.461
6426096 676 2 737.461
6426132 679 2 737.461
6426168 682 2 737.461
6426204 685 2 737.461
6426240 688 2 737.461
6426276 691 2 737.461
6426312 694 2 737.461
6426348 697 2 737.461
6426384 700 2 737.461
6426420 703 2 737.461
6426456 706 2 737.461
6426492 709 2 737.461
6426528 712 2 737.461
6426564 715 2 737.461
6426600 718 2 737.461
6426636 721 2 737.461
6426672 724 2 737.461
6426708 727 2 737.461
6426744 730 2 737.461
6426780 733 2 737.461
6426816 736 2 737.461
6426852 739 2 737.461
6426888 742 2 737.461
6426924 745 2 737.461
6426960 748 0 737.461
6426996 751 0 737.262
6427032 754 0 736.141
6427068 757 0 734.594
6427104 760 0 733.094
6427140 763 0 731.594
6427176 766 0 730.094
6427212 769 0 728.594
6427248 772 0 727.094
6427284 775 0 725.594
6427320 778 0 724.094
6427356 781 0 722.594
6427392 784 0 721.094
6427428 787 0 719.594
6427464 790 0 718.094
6427500 793 0 716.594
6427536 796 0 715.094
6427572 799 0 713.594
6427608 802 0 712.094
6427644 805 0 710.594
6427680 808 0 709.094
6427716 811 0 707.594
6427752 814 0 706.094
6427788 817 0 704.594
6427824 820 0 703.094
6427860 823 0 701.594
6427896 826 0 700.094
