6534696 4 0 733.434
6534732 4 0 733.371
6534768 5 0 733.361
6534804 8 0 733.259
6534840 11 0 732.977
6534876 14 0 732.677
6534912 17 0 732.377
6534948 20 0 732.077
6534984 23 0 731.777
6535020 26 0 731.477
6535056 29 0 731.177
6535092 32 0 730.877
6535128 35 0 730.577
6535164 38 0 730.277
6535200 41 0 729.977
6535236 44 0 729.677
6535272 47 0 729.377
6535308 50 0 729.077
6535344 53 0 728.777
6535380 56 0 728.477
6535416 59 0 728.177
6535452 62 0 727.877
6535488 65 0 727.577
6535524 68 0 727.277
6535560 71 0 726.977
6535596 74 0 726.677
6535632 77 0 726.377
6535668 80 1 726.077
6535704 83 1 725.783
6535740 86 1 725.698
6535776 89 1 725.944
6535812 92 1 726.244
6535848 95 1 726.544
6535884 98 1 726.844
6535920 101 1 727.144
6535956 104 1 727.444
6535992 107 1 727.744
6536028 110 1 728.044
6536064 113 1 728.344
6536100 116 1 728.644
6536136 119 1 728.944
6536172 122 1 729.244
6536208 125 1 729.544
6536244 128 1 729.844
6536280 131 1 730.144
6536316 134 1 730.444
6536352 137 1 730.744
6536388 140 1 731.044
6536424 143 1 731.344
6536460 146 1 731.644
6536496 149 1 731.944
6536532 152 1 732.244
6536568 155 1 732.544
6536604 158 1 732.844
6536640 161 1 733.144
6536676 164 2 733.444
6536712 167 2 733.726
6536748 170 2 733.856
6536784 173 2 733.861
6536820 176 2 733.861
6536856 179 2 733.861
6536892 182 2 733.861
6536928 185 2 733.861
6536964 188 2 733.861
6537000 191 2 733.861
6537036 194 2 733.861
6537072 197 2 733.861
6537108 200 2 733.861
6537144 203 2 733.861
6537180 206 2 733.861
6537216 209 2 733.861
6537252 212 2 733.861
6537288 215 2 733.861
6537324 218 2 733.861
6537360 221 2 733.861
6537396 224 2 733.861
6537432 227 2 733.861
6537468 230 2 733.861
6537504 233 2 733.861
6537540 236 2 733.861
6537576 239 2 733.861
6537612 242 2 733.861
6537648 245 2 733.861
6537684 248 0 733.861
6537720 251 0 733.806
6537756 254 0 733.578
6537792 257 0 733.277
6537828 260 0 732.977
6537864 263 0 732.677
6537900 266 0 732.377
6537936 269 0 732.077
6537972 272 0 731.777
6538008 275 0 731.477
6538044 278 0 731.177
6538080 281 0 730.877
6538116 284 0 730.577
6538152 287 0 730.277
6538188 290 0 729.977
6538224 293 0 729.677
6538260 296 0 729.377
6538296 299 0 729.077
6538332 302 0 728.777
6538368 305 0 728.477
6538404 308 0 728.177
6538440 311 0 727.877
6538476 314 0 727.577
6538512 317 0 727.277
6538548 320 0 726.977
6538584 323 0 726.677
6538620 326 0 726.377
6538656 329 0 726.077
6538692 332 1 725.777
6538728 335 1 725.591
6538764 338 1 725.743
6538800 341 1 726.044
6538836 344 1 726.344
6538872 347 1 726.644
6538908 350 1 726.944
6538944 353 1 727.244
6538980 356 1 727.544
6539016 359 1 727.844
6539052 362 1 728.144
6539088 365 1 728.444
6539124 368 1 728.744
6539160 371 1 729.044
6539196 374 1 729.344
6539232 377 1 729.644
6539268 380 1 729.944
6539304 383 1 730.244
6539340 386 1 730.544
6539376 389 1 730.844
6539412 392 1 731.144
6539448 395 1 731.444
6539484 398 1 731.744
6539520 401 1 732.044
6539556 404 1 732.344
6539592 407 1 732.644
6539628 410 1 732.944
6539664 413 2 733.244
6539700 416 2 733.544
6539736 419 2 733.789
6539772 422 2 733.861
6539808 425 2 733.861
6539844 428 2 733.861
6539880 431 2 733.861
6539916 434 2 733.861
6539952 437 2 733.861
6539988 440 2 733.861
6540024 443 2 733.861
6540060 446 2 733.861
6540096 449 2 733.861
6540132 452 2 733.861
6540168 455 2 733.861
6540204 458 2 733.861
6540240 461 2 733.861
6540276 464 2 733.861
6540312 467 2 733.861
6540348 470 2 733.861
6540384 473 2 733.861
6540420 476 2 733.861
6540456 479 2 733.861
6540492 482 2 733.861
6540528 485 2 733.861
6540564 488 2 733.861
6540600 491 2 733.861
6540636 494 2 733.861
6540672 497 0 733.861
6540708 500 0 733.861
6540744 503 0 733.806
6540780 506 0 733.578
6540816 509 0 733.277
6540852 512 0 732.977
6540888 515 0 732.677
6540924 518 0 732.377
6540960 521 0 732.077
6540996 524 0 731.777
6541032 527 0 731.477
6541068 530 0 731.177
6541104 533 0 730.877
6541140 536 0 730.577
6541176 539 0 730.277
6541212 542 0 729.977
6541248 545 0 729.677
6541284 548 0 729.377
6541320 551 0 729.077
6541356 554 0 728.777
6541392 557 0 728.477
6541428 560 0 728.177
6541464 563 0 727.877
6541500 566 0 727.577
6541536 569 0 727.277
6541572 572 0 726.977
6541608 575 0 726.677
6541644 578 0 726.377
6541680 581 1 726.077
6541716 584 1 725.777
6541752 587 1 725.591
6541788 590 1 725.743
6541824 593 1 726.044
6541860 596 1 726.344
6541896 599 1 726.644
6541932 602 1 726.944
6541968 605 1 727.244
6542004 608 1 727.544
6542040 611 1 727.844
6542076 614 1 728.144
6542112 617 1 728.444
6542148 620 1 728.744
6542184 623 1 729.044
6542220 626 1 729.344
6542256 629 1 729.644
6542292 632 1 729.944
6542328 635 1 730.244
6542364 638 1 730.544
6542400 641 1 730.844
6542436 644 1 731.144
6542472 647 1 731.444
6542508 650 1 731.744
6542544 653 1 732.044
6542580 656 1 732.344
6542616 659 1 732.644
6542652 662 1 732.944
6542688 665 2 733.244
6542724 668 2 733.542
6542760 671 2 733.732
6542796 674 2 733.761
6542832 677 2 733.761
6542868 680 2 733.761
6542904 683 2 733.761
6542940 686 2 733.761
6542976 689 2 733.761
6543012 692 2 733.761
6543048 695 2 733.761
6543084 698 2 733.761
6543120 701 2 733.761
6543156 704 2 733.761
6543192 707 2 733.761
6543228 710 2 733.761
6543264 713 2 733.761
6543300 716 2 733.761
6543336 719 2 733.761
6543372 722 2 733.761
6543408 725 2 733.761
6543444 728 2 733.761
6543480 731 2 733.761
6543516 734 2 733.761
6543552 737 2 733.761
6543588 740 2 733.761
6543624 743 2 733.761
6543660 746 2 733.761
6543696 749 0 733.761
6543732 752 0 733.742
6543768 755 0 733.572
6543804 758 0 733.277
6543840 761 0 732.977
6543876 764 0 732.677
6543912 767 0 732.377
6543948 770 0 732.077
6543984 773 0 731.777
6544020 776 0 731.477
6544056 779 0 731.177
6544092 782 0 730.877
6544128 785 0 730.577
6544164 788 0 730.277
6544200 791 0 729.977
6544236 794 0 729.677
6544272 797 0 729.377
6544308 800 0 729.077
6544344 803 0 728.777
6544380 806 0 728.477
6544416 809 0 728.177
6544452 812 0 727.877
6544488 815 0 727.577
6544524 818 0 727.277
6544560 821 0 726.977
6544596 824 0 726.677
6544632 827 0 726.377
6544668 830 0 726.077
